pid:
    front_right: 
        p: 3.4
        i: 0.002
        d: 0.00734

    front_left:
        p: 3.53
        i: 0.002
        d: 0.00698

    rear_right:
        p: 3.45 #3.475
        i: 0.002 
        d: 0.00735

    rear_left:
        p: 3.42
        i: 0.002
        d: 0.0068
