pid:
    front_right: 
        p: 3.42 #3.4
        i: 0.002
        d: 0.00732

    front_left:
        p: 3.403 #3.415
        i: 0.002
        d: 0.00693

    rear_right:
        p: 3.24 #3.475
        i: 0.002 
        d: 0.0081

    rear_left:
        p: 3.08
        i: 0.002
        d: 0.0073
