image: 0918TDK2_map.pgm
resolution: 0.025000

origin: [-12.812499, -12.812499, 0.000000]
# origin: [-18.6125, -17.9875, 0.000000] pointC

# origin: [-12.812499, -12.812499, 0.000000]
negate: 0
occupied_thresh: 0.65
free_thresh: 0.196

